4 1
4 2
7 1
4 3
7 2
4 4
7 3
7 4
4 5
4 6
7 5
7 6
4 7
7 7
4 8
7 8
4 9
7 9
4 10
7 10
4 11
7 11
4 12
7 12
4 13
7 13
4 14
7 14
4 15
7 15
4 16
7 16
4 17
7 17
4 18
7 18
4 19
7 19
4 20
7 20
4 21
7 21
7 22
4 22
7 23
4 23
4 24
7 24
4 25
7 25
4 26
7 26
4 27
7 27
4 28
7 28
4 29
7 29
7 30
4 30
4 31
7 31
7 32
4 32
4 33
7 33
7 34
4 34
4 35
7 35
7 36
4 36
4 37
7 37
4 38
7 38
4 39
7 39
4 40
7 40
4 41
7 41
4 42
7 42
4 43
7 43
7 44
4 44
7 45
4 45
4 46
7 46
4 47
7 47
4 48
7 48
4 49
7 49
4 50
7 50
4 51
7 51
4 52
7 52
4 53
7 53
4 54
7 54
4 55
7 55
4 56
7 56
4 57
7 57
4 58
7 58
4 59
7 59
4 60
7 60
4 61
7 61
7 62
4 62
4 63
7 63
4 64
7 64
4 65
7 65
7 66
4 66
4 67
7 67
4 68
7 68
4 69
7 69
4 70
7 70
4 71
7 71
4 72
7 72
7 73
4 73
4 74
7 74
4 75
7 75
4 76
7 76
4 77
7 77
4 78
7 78
4 79
7 79
4 80
7 80
4 81
7 81
4 82
7 82
4 83
7 83
